eval_loss = 2.363794741542658
eval_acc = 0.37327188940092165
