eval_loss = 2.396744271302553
eval_acc = 0.38095238095238093
