eval_loss = 2.96572671123364
eval_acc = 0.39477726574500765
