eval_loss = 2.36379475509333
eval_acc = 0.37327188940092165
