eval_loss = 2.3658104548988987
eval_acc = 0.3717357910906298
