eval_loss = 3.011431913954505
eval_acc = 0.3901689708141321
