eval_loss = 2.396744265442803
eval_acc = 0.38095238095238093
