eval_loss = 3.01244418778544
eval_acc = 0.3901689708141321
