eval_loss = 2.398190885828021
eval_acc = 0.3794162826420891
