eval_loss = 2.9630825854666223
eval_acc = 0.39477726574500765
